#15x15, 2.5
list = """
5.84588410245944e-05	8.93125111264764e-05	0.000144606115133892	0.000226166100818174	0.000324319707447029	0.000418723316850381	0.000486425139972376	0.000510905947244364	0.000486425139972376	0.000418723316850381	0.000324319707447029	0.000226166100818174	0.000144606115133892	8.93125111264764e-05	5.84588410245944e-05
8.93125111264764e-05	0.000159250850914501	0.000277819663011018	0.000440339278565748	0.000618242542267812	0.000770866097580485	0.000868231655507083	0.000900732161303445	0.000868231655507083	0.000770866097580485	0.000618242542267812	0.000440339278565748	0.000277819663011018	0.000159250850914501	8.93125111264764e-05
0.000144606115133892	0.000277819663011018	0.000486425139972376	0.000739052356593739	0.000964379111272774	0.00109883202994129	0.00114144908521627	0.00114481237525646	0.00114144908521627	0.00109883202994129	0.000964379111272774	0.000739052356593739	0.000486425139972376	0.000277819663011018	0.000144606115133892
0.000226166100818174	0.000440339278565748	0.000739052356593739	0.00102409149712136	0.00114481237525646	0.00102853474470199	0.000793151561526310	0.000674006885521221	0.000793151561526310	0.00102853474470199	0.00114481237525646	0.00102409149712136	0.000739052356593739	0.000440339278565748	0.000226166100818174
0.000324319707447029	0.000618242542267812	0.000964379111272774	0.00114481237525646	0.000890206758058437	0.000152198339959085	-0.000699602683486095	-0.00107982587497396	-0.000699602683486095	0.000152198339959085	0.000890206758058437	0.00114481237525646	0.000964379111272774	0.000618242542267812	0.000324319707447029
0.000418723316850381	0.000770866097580485	0.00109883202994129	0.00102853474470199	0.000152198339959085	-0.00151827892203632	-0.00325757985117981	-0.00400770378280592	-0.00325757985117981	-0.00151827892203632	0.000152198339959085	0.00102853474470199	0.00109883202994129	0.000770866097580485	0.000418723316850381
0.000486425139972376	0.000868231655507083	0.00114144908521627	0.000793151561526310	-0.000699602683486095	-0.00325757985117981	-0.00582606096414112	-0.00691916041377081	-0.00582606096414112	-0.00325757985117981	-0.000699602683486095	0.000793151561526310	0.00114144908521627	0.000868231655507083	0.000486425139972376
0.000510905947244364	0.000900732161303445	0.00114481237525646	0.000674006885521221	-0.00107982587497396	-0.00400770378280592	-0.00691916041377081	-0.00815367557941437	-0.00691916041377081	-0.00400770378280592	-0.00107982587497396	0.000674006885521221	0.00114481237525646	0.000900732161303445	0.000510905947244364
0.000486425139972376	0.000868231655507083	0.00114144908521627	0.000793151561526310	-0.000699602683486095	-0.00325757985117981	-0.00582606096414112	-0.00691916041377081	-0.00582606096414112	-0.00325757985117981	-0.000699602683486095	0.000793151561526310	0.00114144908521627	0.000868231655507083	0.000486425139972376
0.000418723316850381	0.000770866097580485	0.00109883202994129	0.00102853474470199	0.000152198339959085	-0.00151827892203632	-0.00325757985117981	-0.00400770378280592	-0.00325757985117981	-0.00151827892203632	0.000152198339959085	0.00102853474470199	0.00109883202994129	0.000770866097580485	0.000418723316850381
0.000324319707447029	0.000618242542267812	0.000964379111272774	0.00114481237525646	0.000890206758058437	0.000152198339959085	-0.000699602683486095	-0.00107982587497396	-0.000699602683486095	0.000152198339959085	0.000890206758058437	0.00114481237525646	0.000964379111272774	0.000618242542267812	0.000324319707447029
0.000226166100818174	0.000440339278565748	0.000739052356593739	0.00102409149712136	0.00114481237525646	0.00102853474470199	0.000793151561526310	0.000674006885521221	0.000793151561526310	0.00102853474470199	0.00114481237525646	0.00102409149712136	0.000739052356593739	0.000440339278565748	0.000226166100818174
0.000144606115133892	0.000277819663011018	0.000486425139972376	0.000739052356593739	0.000964379111272774	0.00109883202994129	0.00114144908521627	0.00114481237525646	0.00114144908521627	0.00109883202994129	0.000964379111272774	0.000739052356593739	0.000486425139972376	0.000277819663011018	0.000144606115133892
8.93125111264764e-05	0.000159250850914501	0.000277819663011018	0.000440339278565748	0.000618242542267812	0.000770866097580485	0.000868231655507083	0.000900732161303445	0.000868231655507083	0.000770866097580485	0.000618242542267812	0.000440339278565748	0.000277819663011018	0.000159250850914501	8.93125111264764e-05
5.84588410245944e-05	8.93125111264764e-05	0.000144606115133892	0.000226166100818174	0.000324319707447029	0.000418723316850381	0.000486425139972376	0.000510905947244364	0.000486425139972376	0.000418723316850381	0.000324319707447029	0.000226166100818174	0.000144606115133892	8.93125111264764e-05	5.84588410245944e-05
"""

list = """
3.99962977053000e-08	4.65837159428069e-08	1.09610236250818e-07	4.90239312324196e-07	1.92776448582198e-06	5.23939019434177e-06	9.54099464688140e-06	1.16446320355504e-05	9.54099464688140e-06	5.23939019434177e-06	1.92776448582198e-06	4.90239312324196e-07	1.09610236250818e-07	4.65837159428069e-08	3.99962977053000e-08
4.65837159428069e-08	1.45677735346120e-07	1.06334882104037e-06	6.39947342815611e-06	2.57306646542186e-05	6.84473769022170e-05	0.000122020070331472	0.000147687548714797	0.000122020070331472	6.84473769022170e-05	2.57306646542186e-05	6.39947342815611e-06	1.06334882104037e-06	1.45677735346120e-07	4.65837159428069e-08
1.09610236250818e-07	1.06334882104037e-06	9.54099464688140e-06	5.63592598888212e-05	0.000215694189011712	0.000544106454009676	0.000929978292386037	0.00110737608222642	0.000929978292386037	0.000544106454009676	0.000215694189011712	5.63592598888212e-05	9.54099464688140e-06	1.06334882104037e-06	1.09610236250818e-07
4.90239312324196e-07	6.39947342815611e-06	5.63592598888212e-05	0.000313576881633085	0.00110737608222642	0.00254339401369196	0.00399502186744961	0.00459003836823479	0.00399502186744961	0.00254339401369196	0.00110737608222642	0.000313576881633085	5.63592598888212e-05	6.39947342815611e-06	4.90239312324196e-07
1.92776448582198e-06	2.57306646542186e-05	0.000215694189011712	0.00110737608222642	0.00345488585562765	0.00660793729706964	0.00832796315226639	0.00850939061804699	0.00832796315226639	0.00660793729706964	0.00345488585562765	0.00110737608222642	0.000215694189011712	2.57306646542186e-05	1.92776448582198e-06
5.23939019434177e-06	6.84473769022170e-05	0.000544106454009676	0.00254339401369196	0.00660793729706964	0.00826540112762302	0.00229985755883469	-0.00287208558905903	0.00229985755883469	0.00826540112762302	0.00660793729706964	0.00254339401369196	0.000544106454009676	6.84473769022170e-05	5.23939019434177e-06
9.54099464688140e-06	0.000122020070331472	0.000929978292386037	0.00399502186744961	0.00832796315226639	0.00229985755883469	-0.0223971296648152	-0.0391589116632712	-0.0223971296648152	0.00229985755883469	0.00832796315226639	0.00399502186744961	0.000929978292386037	0.000122020070331472	9.54099464688140e-06
1.16446320355504e-05	0.000147687548714797	0.00110737608222642	0.00459003836823479	0.00850939061804699	-0.00287208558905903	-0.0391589116632712	-0.0628760329312162	-0.0391589116632712	-0.00287208558905903	0.00850939061804699	0.00459003836823479	0.00110737608222642	0.000147687548714797	1.16446320355504e-05
9.54099464688140e-06	0.000122020070331472	0.000929978292386037	0.00399502186744961	0.00832796315226639	0.00229985755883469	-0.0223971296648152	-0.0391589116632712	-0.0223971296648152	0.00229985755883469	0.00832796315226639	0.00399502186744961	0.000929978292386037	0.000122020070331472	9.54099464688140e-06
5.23939019434177e-06	6.84473769022170e-05	0.000544106454009676	0.00254339401369196	0.00660793729706964	0.00826540112762302	0.00229985755883469	-0.00287208558905903	0.00229985755883469	0.00826540112762302	0.00660793729706964	0.00254339401369196	0.000544106454009676	6.84473769022170e-05	5.23939019434177e-06
1.92776448582198e-06	2.57306646542186e-05	0.000215694189011712	0.00110737608222642	0.00345488585562765	0.00660793729706964	0.00832796315226639	0.00850939061804699	0.00832796315226639	0.00660793729706964	0.00345488585562765	0.00110737608222642	0.000215694189011712	2.57306646542186e-05	1.92776448582198e-06
4.90239312324196e-07	6.39947342815611e-06	5.63592598888212e-05	0.000313576881633085	0.00110737608222642	0.00254339401369196	0.00399502186744961	0.00459003836823479	0.00399502186744961	0.00254339401369196	0.00110737608222642	0.000313576881633085	5.63592598888212e-05	6.39947342815611e-06	4.90239312324196e-07
1.09610236250818e-07	1.06334882104037e-06	9.54099464688140e-06	5.63592598888212e-05	0.000215694189011712	0.000544106454009676	0.000929978292386037	0.00110737608222642	0.000929978292386037	0.000544106454009676	0.000215694189011712	5.63592598888212e-05	9.54099464688140e-06	1.06334882104037e-06	1.09610236250818e-07
4.65837159428069e-08	1.45677735346120e-07	1.06334882104037e-06	6.39947342815611e-06	2.57306646542186e-05	6.84473769022170e-05	0.000122020070331472	0.000147687548714797	0.000122020070331472	6.84473769022170e-05	2.57306646542186e-05	6.39947342815611e-06	1.06334882104037e-06	1.45677735346120e-07	4.65837159428069e-08
3.99962977053000e-08	4.65837159428069e-08	1.09610236250818e-07	4.90239312324196e-07	1.92776448582198e-06	5.23939019434177e-06	9.54099464688140e-06	1.16446320355504e-05	9.54099464688140e-06	5.23939019434177e-06	1.92776448582198e-06	4.90239312324196e-07	1.09610236250818e-07	4.65837159428069e-08	3.99962977053000e-08
"""

list = """
6.60077298906086e-09	6.68525324631082e-09	7.08575891843776e-09	8.69285320770135e-09	1.41455950033106e-08	2.97650656954358e-08	6.74462639718556e-08	1.43681800060858e-07	2.72045548125260e-07	4.49265577242800e-07	6.43485822966575e-07	7.98319056851953e-07	8.57787389262573e-07	7.98319056851953e-07	6.43485822966575e-07	4.49265577242800e-07	2.72045548125260e-07	1.43681800060858e-07	6.74462639718556e-08	2.97650656954358e-08	1.41455950033106e-08	8.69285320770135e-09	7.08575891843776e-09	6.68525324631082e-09	6.60077298906086e-09
6.68525324631082e-09	7.16788522485356e-09	9.43382196144794e-09	1.84295880665210e-08	4.85987329311588e-08	1.33949826287579e-07	3.37188245616464e-07	7.42963459143709e-07	1.41743789605567e-06	2.33765542347663e-06	3.33615347407532e-06	4.12642425693019e-06	4.42879602591424e-06	4.12642425693019e-06	3.33615347407532e-06	2.33765542347663e-06	1.41743789605567e-06	7.42963459143709e-07	3.37188245616464e-07	1.33949826287579e-07	4.85987329311588e-08	1.84295880665210e-08	9.43382196144794e-09	7.16788522485356e-09	6.68525324631082e-09
7.08575891843776e-09	9.43382196144794e-09	2.03383653189046e-08	6.31023046536524e-08	2.04575925902990e-07	5.98857418222439e-07	1.52266786750882e-06	3.33615347407532e-06	6.29973268809930e-06	1.02786994375595e-05	1.45367801269639e-05	1.78724607611569e-05	1.91417694811185e-05	1.78724607611569e-05	1.45367801269639e-05	1.02786994375595e-05	6.29973268809930e-06	3.33615347407532e-06	1.52266786750882e-06	5.98857418222439e-07	2.04575925902990e-07	6.31023046536524e-08	2.03383653189046e-08	9.43382196144794e-09	7.08575891843776e-09
8.69285320770135e-09	1.84295880665210e-08	6.31023046536524e-08	2.35862555417304e-07	7.98319056851953e-07	2.33765542347663e-06	5.87202094452133e-06	1.26590410565224e-05	2.34981523271272e-05	3.77257361172546e-05	5.26466010914667e-05	6.41561166392229e-05	6.84990531096579e-05	6.41561166392229e-05	5.26466010914667e-05	3.77257361172546e-05	2.34981523271272e-05	1.26590410565224e-05	5.87202094452133e-06	2.33765542347663e-06	7.98319056851953e-07	2.35862555417304e-07	6.31023046536524e-08	1.84295880665210e-08	8.69285320770135e-09
1.41455950033106e-08	4.85987329311588e-08	2.04575925902990e-07	7.98319056851953e-07	2.69555945689989e-06	7.77485544823454e-06	1.91417694811185e-05	4.03400193094141e-05	7.31204221115836e-05	0.000114731063632140	0.000157010866554802	0.000188809411967958	0.000200638480948543	0.000188809411967958	0.000157010866554802	0.000114731063632140	7.31204221115836e-05	4.03400193094141e-05	1.91417694811185e-05	7.77485544823454e-06	2.69555945689989e-06	7.98319056851953e-07	2.04575925902990e-07	4.85987329311588e-08	1.41455950033106e-08
2.97650656954358e-08	1.33949826287579e-07	5.98857418222439e-07	2.33765542347663e-06	7.77485544823454e-06	2.19486672163490e-05	5.26466010914667e-05	0.000107661106462516	0.000188809411967958	0.000286467580864796	0.000380394680929943	0.000447754773993787	0.000472112012544773	0.000447754773993787	0.000380394680929943	0.000286467580864796	0.000188809411967958	0.000107661106462516	5.26466010914667e-05	2.19486672163490e-05	7.77485544823454e-06	2.33765542347663e-06	5.98857418222439e-07	1.33949826287579e-07	2.97650656954358e-08
6.74462639718556e-08	3.37188245616464e-07	1.52266786750882e-06	5.87202094452133e-06	1.91417694811185e-05	5.26466010914667e-05	0.000122231921834795	0.000240202248910020	0.000401901534448318	0.000578906818009719	0.000730759994416373	0.000827634092346211	0.000859970549388440	0.000827634092346211	0.000730759994416373	0.000578906818009719	0.000401901534448318	0.000240202248910020	0.000122231921834795	5.26466010914667e-05	1.91417694811185e-05	5.87202094452133e-06	1.52266786750882e-06	3.37188245616464e-07	6.74462639718556e-08
1.43681800060858e-07	7.42963459143709e-07	3.33615347407532e-06	1.26590410565224e-05	4.03400193094141e-05	0.000107661106462516	0.000240202248910020	0.000447754773993787	0.000699106835686590	0.000923296236577667	0.00105707049399902	0.00109947243647340	0.00110281875005346	0.00109947243647340	0.00105707049399902	0.000923296236577667	0.000699106835686590	0.000447754773993787	0.000240202248910020	0.000107661106462516	4.03400193094141e-05	1.26590410565224e-05	3.33615347407532e-06	7.42963459143709e-07	1.43681800060858e-07
2.72045548125260e-07	1.41743789605567e-06	6.29973268809930e-06	2.34981523271272e-05	7.31204221115836e-05	0.000188809411967958	0.000401901534448318	0.000699106835686590	0.000982707219655287	0.00110281875005346	0.000987128039608654	0.000752932970802205	0.000634389686534916	0.000752932970802205	0.000987128039608654	0.00110281875005346	0.000982707219655287	0.000699106835686590	0.000401901534448318	0.000188809411967958	7.31204221115836e-05	2.34981523271272e-05	6.29973268809930e-06	1.41743789605567e-06	2.72045548125260e-07
4.49265577242800e-07	2.33765542347663e-06	1.02786994375595e-05	3.77257361172546e-05	0.000114731063632140	0.000286467580864796	0.000578906818009719	0.000923296236577667	0.00110281875005346	0.000849498273910116	0.000115215008960313	-0.000732286484577814	-0.00111059047083093	-0.000732286484577814	0.000115215008960313	0.000849498273910116	0.00110281875005346	0.000923296236577667	0.000578906818009719	0.000286467580864796	0.000114731063632140	3.77257361172546e-05	1.02786994375595e-05	2.33765542347663e-06	4.49265577242800e-07
6.43485822966575e-07	3.33615347407532e-06	1.45367801269639e-05	5.26466010914667e-05	0.000157010866554802	0.000380394680929943	0.000730759994416373	0.00105707049399902	0.000987128039608654	0.000115215008960313	-0.00154683039307095	-0.00327735206959982	-0.00402368969410813	-0.00327735206959982	-0.00154683039307095	0.000115215008960313	0.000987128039608654	0.00105707049399902	0.000730759994416373	0.000380394680929943	0.000157010866554802	5.26466010914667e-05	1.45367801269639e-05	3.33615347407532e-06	6.43485822966575e-07
7.98319056851953e-07	4.12642425693019e-06	1.78724607611569e-05	6.41561166392229e-05	0.000188809411967958	0.000447754773993787	0.000827634092346211	0.00109947243647340	0.000752932970802205	-0.000732286484577814	-0.00327735206959982	-0.00583286858043350	-0.00692045052815170	-0.00583286858043350	-0.00327735206959982	-0.000732286484577814	0.000752932970802205	0.00109947243647340	0.000827634092346211	0.000447754773993787	0.000188809411967958	6.41561166392229e-05	1.78724607611569e-05	4.12642425693019e-06	7.98319056851953e-07
8.57787389262573e-07	4.42879602591424e-06	1.91417694811185e-05	6.84990531096579e-05	0.000200638480948543	0.000472112012544773	0.000859970549388440	0.00110281875005346	0.000634389686534916	-0.00111059047083093	-0.00402368969410813	-0.00692045052815170	-0.00814873438539189	-0.00692045052815170	-0.00402368969410813	-0.00111059047083093	0.000634389686534916	0.00110281875005346	0.000859970549388440	0.000472112012544773	0.000200638480948543	6.84990531096579e-05	1.91417694811185e-05	4.42879602591424e-06	8.57787389262573e-07
7.98319056851953e-07	4.12642425693019e-06	1.78724607611569e-05	6.41561166392229e-05	0.000188809411967958	0.000447754773993787	0.000827634092346211	0.00109947243647340	0.000752932970802205	-0.000732286484577814	-0.00327735206959982	-0.00583286858043350	-0.00692045052815170	-0.00583286858043350	-0.00327735206959982	-0.000732286484577814	0.000752932970802205	0.00109947243647340	0.000827634092346211	0.000447754773993787	0.000188809411967958	6.41561166392229e-05	1.78724607611569e-05	4.12642425693019e-06	7.98319056851953e-07
6.43485822966575e-07	3.33615347407532e-06	1.45367801269639e-05	5.26466010914667e-05	0.000157010866554802	0.000380394680929943	0.000730759994416373	0.00105707049399902	0.000987128039608654	0.000115215008960313	-0.00154683039307095	-0.00327735206959982	-0.00402368969410813	-0.00327735206959982	-0.00154683039307095	0.000115215008960313	0.000987128039608654	0.00105707049399902	0.000730759994416373	0.000380394680929943	0.000157010866554802	5.26466010914667e-05	1.45367801269639e-05	3.33615347407532e-06	6.43485822966575e-07
4.49265577242800e-07	2.33765542347663e-06	1.02786994375595e-05	3.77257361172546e-05	0.000114731063632140	0.000286467580864796	0.000578906818009719	0.000923296236577667	0.00110281875005346	0.000849498273910116	0.000115215008960313	-0.000732286484577814	-0.00111059047083093	-0.000732286484577814	0.000115215008960313	0.000849498273910116	0.00110281875005346	0.000923296236577667	0.000578906818009719	0.000286467580864796	0.000114731063632140	3.77257361172546e-05	1.02786994375595e-05	2.33765542347663e-06	4.49265577242800e-07
2.72045548125260e-07	1.41743789605567e-06	6.29973268809930e-06	2.34981523271272e-05	7.31204221115836e-05	0.000188809411967958	0.000401901534448318	0.000699106835686590	0.000982707219655287	0.00110281875005346	0.000987128039608654	0.000752932970802205	0.000634389686534916	0.000752932970802205	0.000987128039608654	0.00110281875005346	0.000982707219655287	0.000699106835686590	0.000401901534448318	0.000188809411967958	7.31204221115836e-05	2.34981523271272e-05	6.29973268809930e-06	1.41743789605567e-06	2.72045548125260e-07
1.43681800060858e-07	7.42963459143709e-07	3.33615347407532e-06	1.26590410565224e-05	4.03400193094141e-05	0.000107661106462516	0.000240202248910020	0.000447754773993787	0.000699106835686590	0.000923296236577667	0.00105707049399902	0.00109947243647340	0.00110281875005346	0.00109947243647340	0.00105707049399902	0.000923296236577667	0.000699106835686590	0.000447754773993787	0.000240202248910020	0.000107661106462516	4.03400193094141e-05	1.26590410565224e-05	3.33615347407532e-06	7.42963459143709e-07	1.43681800060858e-07
6.74462639718556e-08	3.37188245616464e-07	1.52266786750882e-06	5.87202094452133e-06	1.91417694811185e-05	5.26466010914667e-05	0.000122231921834795	0.000240202248910020	0.000401901534448318	0.000578906818009719	0.000730759994416373	0.000827634092346211	0.000859970549388440	0.000827634092346211	0.000730759994416373	0.000578906818009719	0.000401901534448318	0.000240202248910020	0.000122231921834795	5.26466010914667e-05	1.91417694811185e-05	5.87202094452133e-06	1.52266786750882e-06	3.37188245616464e-07	6.74462639718556e-08
2.97650656954358e-08	1.33949826287579e-07	5.98857418222439e-07	2.33765542347663e-06	7.77485544823454e-06	2.19486672163490e-05	5.26466010914667e-05	0.000107661106462516	0.000188809411967958	0.000286467580864796	0.000380394680929943	0.000447754773993787	0.000472112012544773	0.000447754773993787	0.000380394680929943	0.000286467580864796	0.000188809411967958	0.000107661106462516	5.26466010914667e-05	2.19486672163490e-05	7.77485544823454e-06	2.33765542347663e-06	5.98857418222439e-07	1.33949826287579e-07	2.97650656954358e-08
1.41455950033106e-08	4.85987329311588e-08	2.04575925902990e-07	7.98319056851953e-07	2.69555945689989e-06	7.77485544823454e-06	1.91417694811185e-05	4.03400193094141e-05	7.31204221115836e-05	0.000114731063632140	0.000157010866554802	0.000188809411967958	0.000200638480948543	0.000188809411967958	0.000157010866554802	0.000114731063632140	7.31204221115836e-05	4.03400193094141e-05	1.91417694811185e-05	7.77485544823454e-06	2.69555945689989e-06	7.98319056851953e-07	2.04575925902990e-07	4.85987329311588e-08	1.41455950033106e-08
8.69285320770135e-09	1.84295880665210e-08	6.31023046536524e-08	2.35862555417304e-07	7.98319056851953e-07	2.33765542347663e-06	5.87202094452133e-06	1.26590410565224e-05	2.34981523271272e-05	3.77257361172546e-05	5.26466010914667e-05	6.41561166392229e-05	6.84990531096579e-05	6.41561166392229e-05	5.26466010914667e-05	3.77257361172546e-05	2.34981523271272e-05	1.26590410565224e-05	5.87202094452133e-06	2.33765542347663e-06	7.98319056851953e-07	2.35862555417304e-07	6.31023046536524e-08	1.84295880665210e-08	8.69285320770135e-09
7.08575891843776e-09	9.43382196144794e-09	2.03383653189046e-08	6.31023046536524e-08	2.04575925902990e-07	5.98857418222439e-07	1.52266786750882e-06	3.33615347407532e-06	6.29973268809930e-06	1.02786994375595e-05	1.45367801269639e-05	1.78724607611569e-05	1.91417694811185e-05	1.78724607611569e-05	1.45367801269639e-05	1.02786994375595e-05	6.29973268809930e-06	3.33615347407532e-06	1.52266786750882e-06	5.98857418222439e-07	2.04575925902990e-07	6.31023046536524e-08	2.03383653189046e-08	9.43382196144794e-09	7.08575891843776e-09
6.68525324631082e-09	7.16788522485356e-09	9.43382196144794e-09	1.84295880665210e-08	4.85987329311588e-08	1.33949826287579e-07	3.37188245616464e-07	7.42963459143709e-07	1.41743789605567e-06	2.33765542347663e-06	3.33615347407532e-06	4.12642425693019e-06	4.42879602591424e-06	4.12642425693019e-06	3.33615347407532e-06	2.33765542347663e-06	1.41743789605567e-06	7.42963459143709e-07	3.37188245616464e-07	1.33949826287579e-07	4.85987329311588e-08	1.84295880665210e-08	9.43382196144794e-09	7.16788522485356e-09	6.68525324631082e-09
6.60077298906086e-09	6.68525324631082e-09	7.08575891843776e-09	8.69285320770135e-09	1.41455950033106e-08	2.97650656954358e-08	6.74462639718556e-08	1.43681800060858e-07	2.72045548125260e-07	4.49265577242800e-07	6.43485822966575e-07	7.98319056851953e-07	8.57787389262573e-07	7.98319056851953e-07	6.43485822966575e-07	4.49265577242800e-07	2.72045548125260e-07	1.43681800060858e-07	6.74462639718556e-08	2.97650656954358e-08	1.41455950033106e-08	8.69285320770135e-09	7.08575891843776e-09	6.68525324631082e-09	6.60077298906086e-09
"""

#25x25, 3.5
list = """
1.40306213658330e-06	1.64204097486072e-06	2.12321001630698e-06	3.00790260097660e-06	4.49178917421951e-06	6.75902191999211e-06	9.90751198848137e-06	1.38662450927671e-05	1.83412321295861e-05	2.28254138687264e-05	2.66851444514473e-05	2.93027084712775e-05	3.02297670119242e-05	2.93027084712775e-05	2.66851444514473e-05	2.28254138687264e-05	1.83412321295861e-05	1.38662450927671e-05	9.90751198848137e-06	6.75902191999211e-06	4.49178917421951e-06	3.00790260097660e-06	2.12321001630698e-06	1.64204097486072e-06	1.40306213658330e-06
1.64204097486072e-06	2.19081362504800e-06	3.28239468391355e-06	5.26210272984257e-06	8.53214796896569e-06	1.34446103310549e-05	2.01426152754877e-05	2.84034077206253e-05	3.75613700660549e-05	4.65698834648015e-05	5.42004889085320e-05	5.93139139266968e-05	6.11133727404730e-05	5.93139139266968e-05	5.42004889085320e-05	4.65698834648015e-05	3.75613700660549e-05	2.84034077206253e-05	2.01426152754877e-05	1.34446103310549e-05	8.53214796896569e-06	5.26210272984257e-06	3.28239468391355e-06	2.19081362504800e-06	1.64204097486072e-06
2.12321001630698e-06	3.28239468391355e-06	5.55621161713130e-06	9.61382359658284e-06	1.61919653616527e-05	2.58647508420137e-05	3.87387614938621e-05	5.42004889085320e-05	7.08666359728037e-05	8.68084966054574e-05	9.99740065063997e-05	0.000108625513247034	0.000111637515122392	0.000108625513247034	9.99740065063997e-05	8.68084966054574e-05	7.08666359728037e-05	5.42004889085320e-05	3.87387614938621e-05	2.58647508420137e-05	1.61919653616527e-05	9.61382359658284e-06	5.55621161713130e-06	3.28239468391355e-06	2.12321001630698e-06
3.00790260097660e-06	5.26210272984257e-06	9.61382359658284e-06	1.72322592769919e-05	2.93027084712775e-05	4.65698834648015e-05	6.88119867187843e-05	9.45225662104858e-05	0.000121061363742642	0.000145296056350979	0.000164425971690333	0.000176538085564458	0.000180665845224845	0.000176538085564458	0.000164425971690333	0.000145296056350979	0.000121061363742642	9.45225662104858e-05	6.88119867187843e-05	4.65698834648015e-05	2.93027084712775e-05	1.72322592769919e-05	9.61382359658284e-06	5.26210272984257e-06	3.00790260097660e-06
4.49178917421951e-06	8.53214796896569e-06	1.61919653616527e-05	2.93027084712775e-05	4.94941270640668e-05	7.73575991107891e-05	0.000111637515122392	0.000149007002057757	0.000184833257413833	0.000214738566632369	0.000236082659641536	0.000248368683254222	0.000252308355326677	0.000248368683254222	0.000236082659641536	0.000214738566632369	0.000184833257413833	0.000149007002057757	0.000111637515122392	7.73575991107891e-05	4.94941270640668e-05	2.93027084712775e-05	1.61919653616527e-05	8.53214796896569e-06	4.49178917421951e-06
6.75902191999211e-06	1.34446103310549e-05	2.58647508420137e-05	4.65698834648015e-05	7.73575991107891e-05	0.000117855338855103	0.000164425971690333	0.000210425434866197	0.000248368683254222	0.000273259269357331	0.000285053022977235	0.000288256478413664	0.000288489353953642	0.000288256478413664	0.000285053022977235	0.000273259269357331	0.000248368683254222	0.000210425434866197	0.000164425971690333	0.000117855338855103	7.73575991107891e-05	4.65698834648015e-05	2.58647508420137e-05	1.34446103310549e-05	6.75902191999211e-06
9.90751198848137e-06	2.01426152754877e-05	3.87387614938621e-05	6.88119867187843e-05	0.000111637515122392	0.000164425971690333	0.000219047980881839	0.000263461229294517	0.000286503748149523	0.000284217360119667	0.000263637150017404	0.000240413882346716	0.000230446332734861	0.000240413882346716	0.000263637150017404	0.000284217360119667	0.000286503748149523	0.000263461229294517	0.000219047980881839	0.000164425971690333	0.000111637515122392	6.88119867187843e-05	3.87387614938621e-05	2.01426152754877e-05	9.90751198848137e-06
1.38662450927671e-05	2.84034077206253e-05	5.42004889085320e-05	9.45225662104858e-05	0.000149007002057757	0.000210425434866197	0.000263461229294517	0.000288256478413664	0.000269394832202645	0.000206687781000468	0.000120583095217581	4.61929157889580e-05	1.68380356520885e-05	4.61929157889580e-05	0.000120583095217581	0.000206687781000468	0.000269394832202645	0.000288256478413664	0.000263461229294517	0.000210425434866197	0.000149007002057757	9.45225662104858e-05	5.42004889085320e-05	2.84034077206253e-05	1.38662450927671e-05
1.83412321295861e-05	3.75613700660549e-05	7.08666359728037e-05	0.000121061363742642	0.000184833257413833	0.000248368683254222	0.000286503748149523	0.000269394832202645	0.000177229200342433	1.68380356520885e-05	-0.000171118761255765	-0.000323429854034089	-0.000382045715758825	-0.000323429854034089	-0.000171118761255765	1.68380356520885e-05	0.000177229200342433	0.000269394832202645	0.000286503748149523	0.000248368683254222	0.000184833257413833	0.000121061363742642	7.08666359728037e-05	3.75613700660549e-05	1.83412321295861e-05
2.28254138687264e-05	4.65698834648015e-05	8.68084966054574e-05	0.000145296056350979	0.000214738566632369	0.000273259269357331	0.000284217360119667	0.000206687781000468	1.68380356520885e-05	-0.000268889558840582	-0.000584863266293211	-0.000834016098166655	-0.000928815363688232	-0.000834016098166655	-0.000584863266293211	-0.000268889558840582	1.68380356520885e-05	0.000206687781000468	0.000284217360119667	0.000273259269357331	0.000214738566632369	0.000145296056350979	8.68084966054574e-05	4.65698834648015e-05	2.28254138687264e-05
2.66851444514473e-05	5.42004889085320e-05	9.99740065063997e-05	0.000164425971690333	0.000236082659641536	0.000285053022977235	0.000263637150017404	0.000120583095217581	-0.000171118761255765	-0.000584863266293211	-0.00103006379011092	-0.00137633258097678	-0.00150730963362284	-0.00137633258097678	-0.00103006379011092	-0.000584863266293211	-0.000171118761255765	0.000120583095217581	0.000263637150017404	0.000285053022977235	0.000236082659641536	0.000164425971690333	9.99740065063997e-05	5.42004889085320e-05	2.66851444514473e-05
2.93027084712775e-05	5.93139139266968e-05	0.000108625513247034	0.000176538085564458	0.000248368683254222	0.000288256478413664	0.000240413882346716	4.61929157889580e-05	-0.000323429854034089	-0.000834016098166655	-0.00137633258097678	-0.00179531338650431	-0.00195333104852013	-0.00179531338650431	-0.00137633258097678	-0.000834016098166655	-0.000323429854034089	4.61929157889580e-05	0.000240413882346716	0.000288256478413664	0.000248368683254222	0.000176538085564458	0.000108625513247034	5.93139139266968e-05	2.93027084712775e-05
3.02297670119242e-05	6.11133727404730e-05	0.000111637515122392	0.000180665845224845	0.000252308355326677	0.000288489353953642	0.000230446332734861	1.68380356520885e-05	-0.000382045715758825	-0.000928815363688232	-0.00150730963362284	-0.00195333104852013	-0.00212139687867704	-0.00195333104852013	-0.00150730963362284	-0.000928815363688232	-0.000382045715758825	1.68380356520885e-05	0.000230446332734861	0.000288489353953642	0.000252308355326677	0.000180665845224845	0.000111637515122392	6.11133727404730e-05	3.02297670119242e-05
2.93027084712775e-05	5.93139139266968e-05	0.000108625513247034	0.000176538085564458	0.000248368683254222	0.000288256478413664	0.000240413882346716	4.61929157889580e-05	-0.000323429854034089	-0.000834016098166655	-0.00137633258097678	-0.00179531338650431	-0.00195333104852013	-0.00179531338650431	-0.00137633258097678	-0.000834016098166655	-0.000323429854034089	4.61929157889580e-05	0.000240413882346716	0.000288256478413664	0.000248368683254222	0.000176538085564458	0.000108625513247034	5.93139139266968e-05	2.93027084712775e-05
2.66851444514473e-05	5.42004889085320e-05	9.99740065063997e-05	0.000164425971690333	0.000236082659641536	0.000285053022977235	0.000263637150017404	0.000120583095217581	-0.000171118761255765	-0.000584863266293211	-0.00103006379011092	-0.00137633258097678	-0.00150730963362284	-0.00137633258097678	-0.00103006379011092	-0.000584863266293211	-0.000171118761255765	0.000120583095217581	0.000263637150017404	0.000285053022977235	0.000236082659641536	0.000164425971690333	9.99740065063997e-05	5.42004889085320e-05	2.66851444514473e-05
2.28254138687264e-05	4.65698834648015e-05	8.68084966054574e-05	0.000145296056350979	0.000214738566632369	0.000273259269357331	0.000284217360119667	0.000206687781000468	1.68380356520885e-05	-0.000268889558840582	-0.000584863266293211	-0.000834016098166655	-0.000928815363688232	-0.000834016098166655	-0.000584863266293211	-0.000268889558840582	1.68380356520885e-05	0.000206687781000468	0.000284217360119667	0.000273259269357331	0.000214738566632369	0.000145296056350979	8.68084966054574e-05	4.65698834648015e-05	2.28254138687264e-05
1.83412321295861e-05	3.75613700660549e-05	7.08666359728037e-05	0.000121061363742642	0.000184833257413833	0.000248368683254222	0.000286503748149523	0.000269394832202645	0.000177229200342433	1.68380356520885e-05	-0.000171118761255765	-0.000323429854034089	-0.000382045715758825	-0.000323429854034089	-0.000171118761255765	1.68380356520885e-05	0.000177229200342433	0.000269394832202645	0.000286503748149523	0.000248368683254222	0.000184833257413833	0.000121061363742642	7.08666359728037e-05	3.75613700660549e-05	1.83412321295861e-05
1.38662450927671e-05	2.84034077206253e-05	5.42004889085320e-05	9.45225662104858e-05	0.000149007002057757	0.000210425434866197	0.000263461229294517	0.000288256478413664	0.000269394832202645	0.000206687781000468	0.000120583095217581	4.61929157889580e-05	1.68380356520885e-05	4.61929157889580e-05	0.000120583095217581	0.000206687781000468	0.000269394832202645	0.000288256478413664	0.000263461229294517	0.000210425434866197	0.000149007002057757	9.45225662104858e-05	5.42004889085320e-05	2.84034077206253e-05	1.38662450927671e-05
9.90751198848137e-06	2.01426152754877e-05	3.87387614938621e-05	6.88119867187843e-05	0.000111637515122392	0.000164425971690333	0.000219047980881839	0.000263461229294517	0.000286503748149523	0.000284217360119667	0.000263637150017404	0.000240413882346716	0.000230446332734861	0.000240413882346716	0.000263637150017404	0.000284217360119667	0.000286503748149523	0.000263461229294517	0.000219047980881839	0.000164425971690333	0.000111637515122392	6.88119867187843e-05	3.87387614938621e-05	2.01426152754877e-05	9.90751198848137e-06
6.75902191999211e-06	1.34446103310549e-05	2.58647508420137e-05	4.65698834648015e-05	7.73575991107891e-05	0.000117855338855103	0.000164425971690333	0.000210425434866197	0.000248368683254222	0.000273259269357331	0.000285053022977235	0.000288256478413664	0.000288489353953642	0.000288256478413664	0.000285053022977235	0.000273259269357331	0.000248368683254222	0.000210425434866197	0.000164425971690333	0.000117855338855103	7.73575991107891e-05	4.65698834648015e-05	2.58647508420137e-05	1.34446103310549e-05	6.75902191999211e-06
4.49178917421951e-06	8.53214796896569e-06	1.61919653616527e-05	2.93027084712775e-05	4.94941270640668e-05	7.73575991107891e-05	0.000111637515122392	0.000149007002057757	0.000184833257413833	0.000214738566632369	0.000236082659641536	0.000248368683254222	0.000252308355326677	0.000248368683254222	0.000236082659641536	0.000214738566632369	0.000184833257413833	0.000149007002057757	0.000111637515122392	7.73575991107891e-05	4.94941270640668e-05	2.93027084712775e-05	1.61919653616527e-05	8.53214796896569e-06	4.49178917421951e-06
3.00790260097660e-06	5.26210272984257e-06	9.61382359658284e-06	1.72322592769919e-05	2.93027084712775e-05	4.65698834648015e-05	6.88119867187843e-05	9.45225662104858e-05	0.000121061363742642	0.000145296056350979	0.000164425971690333	0.000176538085564458	0.000180665845224845	0.000176538085564458	0.000164425971690333	0.000145296056350979	0.000121061363742642	9.45225662104858e-05	6.88119867187843e-05	4.65698834648015e-05	2.93027084712775e-05	1.72322592769919e-05	9.61382359658284e-06	5.26210272984257e-06	3.00790260097660e-06
2.12321001630698e-06	3.28239468391355e-06	5.55621161713130e-06	9.61382359658284e-06	1.61919653616527e-05	2.58647508420137e-05	3.87387614938621e-05	5.42004889085320e-05	7.08666359728037e-05	8.68084966054574e-05	9.99740065063997e-05	0.000108625513247034	0.000111637515122392	0.000108625513247034	9.99740065063997e-05	8.68084966054574e-05	7.08666359728037e-05	5.42004889085320e-05	3.87387614938621e-05	2.58647508420137e-05	1.61919653616527e-05	9.61382359658284e-06	5.55621161713130e-06	3.28239468391355e-06	2.12321001630698e-06
1.64204097486072e-06	2.19081362504800e-06	3.28239468391355e-06	5.26210272984257e-06	8.53214796896569e-06	1.34446103310549e-05	2.01426152754877e-05	2.84034077206253e-05	3.75613700660549e-05	4.65698834648015e-05	5.42004889085320e-05	5.93139139266968e-05	6.11133727404730e-05	5.93139139266968e-05	5.42004889085320e-05	4.65698834648015e-05	3.75613700660549e-05	2.84034077206253e-05	2.01426152754877e-05	1.34446103310549e-05	8.53214796896569e-06	5.26210272984257e-06	3.28239468391355e-06	2.19081362504800e-06	1.64204097486072e-06
1.40306213658330e-06	1.64204097486072e-06	2.12321001630698e-06	3.00790260097660e-06	4.49178917421951e-06	6.75902191999211e-06	9.90751198848137e-06	1.38662450927671e-05	1.83412321295861e-05	2.28254138687264e-05	2.66851444514473e-05	2.93027084712775e-05	3.02297670119242e-05	2.93027084712775e-05	2.66851444514473e-05	2.28254138687264e-05	1.83412321295861e-05	1.38662450927671e-05	9.90751198848137e-06	6.75902191999211e-06	4.49178917421951e-06	3.00790260097660e-06	2.12321001630698e-06	1.64204097486072e-06	1.40306213658330e-06
"""

#35x35, 3.5
list = """
1.84200337130718e-09	1.84912242527924e-09	1.87208014073421e-09	1.94006459326271e-09	2.12487933596748e-09	2.58592737416512e-09	3.64085386558688e-09	5.85327954404883e-09	1.01020850668794e-08	1.75632411183743e-08	2.95188082948789e-08	4.69425024271010e-08	6.99163749106447e-08	9.70798654177720e-08	1.25414290630944e-07	1.50620851410804e-07	1.68122448816963e-07	1.74397538164055e-07	1.68122448816963e-07	1.50620851410804e-07	1.25414290630944e-07	9.70798654177720e-08	6.99163749106447e-08	4.69425024271010e-08	2.95188082948789e-08	1.75632411183743e-08	1.01020850668794e-08	5.85327954404883e-09	3.64085386558688e-09	2.58592737416512e-09	2.12487933596748e-09	1.94006459326271e-09	1.87208014073421e-09	1.84912242527924e-09	1.84200337130718e-09
1.84912242527924e-09	1.87472442048309e-09	1.95690754721500e-09	2.19908011113612e-09	2.85397630140242e-09	4.47865137930626e-09	8.17439462625767e-09	1.58781195936898e-08	3.05799881918808e-08	5.62334185676157e-08	9.70798654177720e-08	1.56241998610445e-07	2.33796493467914e-07	3.25010340858487e-07	4.19723987369652e-07	5.03677617210019e-07	5.61822221167551e-07	5.82642667485379e-07	5.61822221167551e-07	5.03677617210019e-07	4.19723987369652e-07	3.25010340858487e-07	2.33796493467914e-07	1.56241998610445e-07	9.70798654177720e-08	5.62334185676157e-08	3.05799881918808e-08	1.58781195936898e-08	8.17439462625767e-09	4.47865137930626e-09	2.85397630140242e-09	2.19908011113612e-09	1.95690754721500e-09	1.87472442048309e-09	1.84912242527924e-09
1.87208014073421e-09	1.95690754721500e-09	2.22785703988257e-09	3.02199968380134e-09	5.15717590357178e-09	1.04214078967744e-08	2.23174756030090e-08	4.69425024271010e-08	9.35967192510201e-08	1.74397538164055e-07	3.02083876431796e-07	4.85652536467444e-07	7.24579999108397e-07	1.00375369726535e-06	1.29199131008024e-06	1.54631719272207e-06	1.72189436764171e-06	1.78466129372681e-06	1.72189436764171e-06	1.54631719272207e-06	1.29199131008024e-06	1.00375369726535e-06	7.24579999108397e-07	4.85652536467444e-07	3.02083876431796e-07	1.74397538164055e-07	9.35967192510201e-08	4.69425024271010e-08	2.23174756030090e-08	1.04214078967744e-08	5.15717590357178e-09	3.02199968380134e-09	2.22785703988257e-09	1.95690754721500e-09	1.87208014073421e-09
1.94006459326271e-09	2.19908011113612e-09	3.02199968380134e-09	5.41990009563878e-09	1.18261196518355e-08	2.75117642048348e-08	6.26947194089091e-08	1.34944709127711e-07	2.70675089263901e-07	5.03677617210019e-07	8.68553850770880e-07	1.38836386476545e-06	2.05896761959217e-06	2.83608078010118e-06	3.63259411726224e-06	4.33124579230967e-06	4.81155336994307e-06	4.98288572379606e-06	4.81155336994307e-06	4.33124579230967e-06	3.63259411726224e-06	2.83608078010118e-06	2.05896761959217e-06	1.38836386476545e-06	8.68553850770880e-07	5.03677617210019e-07	2.70675089263901e-07	1.34944709127711e-07	6.26947194089091e-08	2.75117642048348e-08	1.18261196518355e-08	5.41990009563878e-09	3.02199968380134e-09	2.19908011113612e-09	1.94006459326271e-09
2.12487933596748e-09	2.85397630140242e-09	5.15717590357178e-09	1.18261196518355e-08	2.95188082948789e-08	7.25075677664740e-08	1.68122448816963e-07	3.62679583882380e-07	7.24579999108397e-07	1.33932522663837e-06	2.29143454321941e-06	3.63259411726224e-06	5.34353050419975e-06	7.30516823825631e-06	9.29660277001380e-06	1.10296154872613e-05	1.22143061888982e-05	1.26356556176501e-05	1.22143061888982e-05	1.10296154872613e-05	9.29660277001380e-06	7.30516823825631e-06	5.34353050419975e-06	3.63259411726224e-06	2.29143454321941e-06	1.33932522663837e-06	7.24579999108397e-07	3.62679583882380e-07	1.68122448816963e-07	7.25075677664740e-08	2.95188082948789e-08	1.18261196518355e-08	5.15717590357178e-09	2.85397630140242e-09	2.12487933596748e-09
